3.892066
3.5172475999999975
20.6124911
10.778140800000001
3.6813857
21.767858200000006
17.303229900000005
3.6386345999999996
13.280304200000003
10.472891899999999
10.6273113
3.338063399999996
10.242466000000002
3.9456455000000012
3.916687000000003
10.698185099999998
10.338664600000001
3.9808866999999992
10.282698400000001
12.532256699999998
3.5808440000000132
39.7807245
5.8330370000000045
5.622442600000003
11.193150599999997
5.5817494
31.532440499999993
27.213888499999996
24.7406669
8.247120000000002
35.3133735
11.239237399999993
10.874095400000002
12.3182994
10.944201900000001
14.385490899999999
12.4197
11.199028399999998
12.661907600000001
11.0790647
12.1167177
7.766334499999996
10.610876600000005
12.6964635
11.197578
11.176213400000002
10.957050599999999
10.792030200000003
11.102762599999998
10.737610900000002
10.679607599999999
10.746894300000001
5.814046399999999
12.424345099999998
10.802336500000001
12.102810899999998
11.480215099999999
10.956491600000001
11.0674548
12.601163500000002
12.0773716
11.5651968
11.679392799999999
11.0983448
12.084085500000002
11.242746
11.395055500000002
11.2190774
12.5595175
10.869096599999999
11.7883805
9.5430717
12.147438900000001
5.0769673000000015
26.964697900000004
9.4077155
4.676016200000003
20.315333699999996
4.554497300000005
5.7371926
9.0246417
4.087628299999999
4.136155500000001
5.4864689000000055
5.2572495
4.0018396
5.573117699999997
5.099600200000001
5.2958397
5.096256300000002
26.0334115
40.3690268
15.364234299999993
10.677401799999998
5.645864899999999
87.1981429
5.2086055999999985
5.5633558
5.4866236999999956
6.082986399999999
8.215028100000005
5.0135924
4.957324899999996
5.1492052000000115
5.188826800000001
8.222009899999996
5.245378599999999
5.7014330000000015
5.444263599999999
4.123079200000003
12.234931900000007
6.094545699999998
4.872844499999999
5.026961900000003
7.023640500000013
6.292192200000002
15.695095499999994
27.3391206
10.459384699999987
35.54045120000001
160.6354269
26.724337799999972
78.60656619999997
24.8237569
12.528841299999996
13.7005603
12.307412200000002
13.794275500000001
13.341073200000004
9.369929200000001
15.051537099999997
8.7442375
17.581427699999995
6.8386812000000035
5.756399200000001
4.6436189
4.430893099999999
6.567403999999996
8.7599545
4.370191500000001
5.955961400000007
5.784682499999999
18.376974100000005
46.688162399999996
8.259577700000001
8.955367299999999
9.018455
8.641436500000001
90.8706424
13.35131960000001
30.839912100000006
7.002009299999997
